0.0      -23.976372    
0.05      59.999807    
0.1      99.99965    
0.15      99.999416    
0.0      0.230769    
0.05      1.981307    
0.1      4.970496    
0.15      7.249739    
0.2      11.948887    
0.25      12.760637    
0.3      15.335207    
0.35      17.770309    
0.4      19.848337    
0.45      26.444054    
0.5      24.902008    
0.55      27.464267    
0.6      30.173808    
0.65      32.575822    
0.7      35.315814    
0.75      38.131675    
0.8      40.660647    
0.85      48.08726    
0.9      45.078517    
0.95      47.8229    
1.0      50.291001    
1.05      52.665772    
1.1      55.188239    
1.15      57.997431    
1.2      60.170092    
1.25      62.577109    
1.3      65.570899    
1.35      68.10271    
1.4      70.61253    
1.45      72.874523    
1.5      75.593491    
1.55      78.12127    
1.6      80.422548    
1.649999      83.461643    
1.699999      86.923173    
1.749999      99.996639    
1.799999      99.998283    
1.849999      99.998479    
1.899999      99.998361    
1.949999      99.98294    
1.999999      99.998713    
2.049999      99.998558    
2.099999      99.983331    
2.149999      99.998988    
2.199999      99.999339    
2.249999      99.988905    
2.299999      99.998596    
2.349999      99.997971    
2.399999      99.998947    
2.449999      99.999144    
2.499999      99.998673    
0.0      -0.017575    
0.0      -0.000116    
0.05      0.003252    
0.1      -0.000232    
0.15      -0.000153    
0.0      0.000003    
0.05      0.000549    
0.1      0.00012    
0.15      1.298289    
0.2      -0.001094    
0.25      1.928234    
0.0      -0.000858    
0.0      0.000003    
0.05      0.246351    
0.1      0.722998    
0.15      0.000238    
0.0      0.00896    
0.05      -0.000741    
0.0      -0.342469    
0.05      -0.000624    
0.1      0.749326    
0.0      -0.00121    
0.0      0.00896    
0.05      -0.000741    
0.1      0.008296    
0.15      1.219581    
0.2      -0.000975    
0.25      -0.000466    
